hr<- c(1370.0,146.0,96.0,21.0,15.0,4.0,25.0,71.0,27.0,0.6,1.0,1.0,15.0,0.0,1.0,0.6, 336.0,0.6,15.0,85.0,10.0,14.0,0.0,52.0,38.0,0.7,0.0,2.0,0.8,1.0,0.0,0.3,317.0,31.0,0.2,2.6,0.8,0.5,26.0,0.5,0.0,0.0,0.0,0.0,1.0,0.0,0.0,0.3,49.0,2.0,14.0,48.0,2.0,8.0,2.0,16.0,0.0,0.4,0.0,0.7,2.0,0.1,0.0,0.1,115.0,30.0,37.0,6.0,1.0,9.0,5.0,0.0,0.1,1.0,1.0,1.0,0.1,7.0,1.0,0.1,14.0,20.0,0.2,0.0,0.0,0.0,4.0,0.0,0.0,2.0,0.0,0.0,0.0,0.0,0.0,0.1,17.0,0.0,6.0,4.0,0.0,0.7,0.0,2.0,0.0,0.0,0.0,0.0,0.0,0.0,0.0,0.0,9.0,0.0,3.0,0.0,0.1,0.4,0.0,0.0,0.0,0.0,0.0,0.0,0.0,0.0,0.0,0.0,21.0,0.0,3.0,3.0,0.0,0.9,0.1,3.0,0.0,0.0,0.0,0.2,0.0,0.0,0.0,0.0,41.0,0.0,6.0,2.0,0.1,0.1,0.0,0.0,0.0,0.0,0.0,0.0,0.0,0.0,0.0,0.0,9.0,0.0,0.0,0.5,0.0,0.5,0.0,0.1,0.0,0.0,0.0,0.0,0.0,0.0,0.0,0.0,14.0,0.0,0.0,0.0,0.0,0.0,0.3,0.0,0.0,0.0,0.0,0.0,0.0,0.0,0.0,0.0,5.0,1.0,0.0,0.0,0.0,0.0,0.1,0.0,0.0,0.0,0.0,0.0,0.0,0.0,0.0,0.0,12.0,0.6,0.2,0.1,0.0,0.3,1.0,0.0,0.0,0.0,0.5,0.0,0.0,3.0,8.0,0.0,5.0,0.0,0.0,0.7,0.0,0.3,0.0,0.0,0.0,0.0,0.0,0.0,0.0,0.0,0.0,0.0,11.0,0.0,0.0,1.0,0.0,0.2,0.0,0.0,0.0,0.0,0.0,0.0,0.0,0.0,0.0,0.0,61.0,15.0,0.0,0.0,0.0,0.0,2.0,0.0,0.0,0.0,1.0,0.0,0.0,0.0,0.0,0.0)

nch<- c(829,265,15,123,79,8,22,2,16,17,0,0,0,0,2,0,0,0,1,0,2,0,0,0,0,941,49,91,8,47,1,11,35,6,2,10,9,0,0,2,1,0,0,0,0,0,0,0,0,0,583,146,30,20,62,143,50,19,7,21,0,6,0,2,0,1,3,2,0,1,0,0,0,1,1,783,139,16,0,3,2,2,12,0,1,1,0,5,0,0,1,0,0,0,0,0,0,0,0,0,0,423,112,183,19,2,58,68,62,9,0,0,0,11,0,0,0,0,0,0,0,0,0,0,0,391,82,4,3,12,0,1,14,1,1,0,0,0,0,0,7,0,0,0,0,0,1,1,0,0,0,216,37,2,12,7,9,1,9,1,1,0,0,0,1,0,0,0,0,0,0,0,0,0,0,175,36,29,0,12,4,2,3,0,2,1,0,1,0,1,2,1,1,1,1,0,0,0,0,0,62,12,19,0,0,84,0,12,0,0,0,0,10,0,3,0,0,0,0,0,0,0,0,0,0,135,46,1,4,0,0,0,2,0,0,0,1,0,0,0,0,0,0,0,0,0,0,0,0,0,182,0,0,0,0,0,0,0,0,0,2,0,0,0,1,0,0,0,1,0,0,0,0,0,0,41,74,11,0,10,0,5,17,0,0,4,0,1,0,0,0,0,0,0,0,0,0,0,0,0,0,85,12,8,0,0,19,0,0,0,0,0,0,0,0,0,0,0,0,0,0,0,0,0,0,111,0,7,0,0,0,0,0,0,0,0,3,0,0,0,0,0,0,0,0,0,0,0,0,0,3,83,0,8,8,0,4,0,0,0,0,0,0,0,0,0,0,0,0,0,0,0,0,0,0,37,37,12,0,4,0,3,0,0,7,1,0,0,0,0,0,0,0,0,0,0,0,0,0,0,33,22,0,0,26,0,0,1,0,0,0,0,0,1,0,0,0,0,0,0,0,0,0,0,0,61,14,4,0,2,0,2,0,0,0,0,0,0,0,0,0,0,0,0,0,0,0,0,0,0,56,14,0,3,5,0,0,0,0,2,0,0,0,0,0,0,0,0,0,0,0,0,0,0,0,32,4,14,0,0,0,0,2,0,1,1,0,0,0,0,0,0,0,0,0,0,0,0,0,0,35,0,1,0,0,0,0,0,0,0,2,2,0,0,0,0,0,0,0,0,0,0,0,0,0,19,10,2,3,0,0,0,0,2,0,0,0,0,0,0,0,0,0,0,0,0,0,0,0,0,18,7,0,0,0,0,0,0,0,0,0,0,0,0,0,0,0,0,0,0,0,0,0,0,0,0,18,4,0,0,0,0,0,0,0,0,0,0,0,0,0,0,0,0,0,0,0,0,0,0,21,0,0,0,0,0,0,0,0,0,0,0,0,0,0,0,0,0,0,0,0,0,0,0,0,0,12,0,0,0,0,1,0,0,0,0,0,0,0,1,0,0,0,0,0,0,0,0,0,0,0,8,0,0,0,0,5,0,0,0,0,0,0,0,0,0,0,0,0,0,0,0,0,0,0,8,0,3,0,0,0,0,0,0,0,0,0,0,0,0,0,0,0,0,0,0,0,0,0,0,6,0,0,0,0,0,0,0,0,0,0,0,0,0,0,0,0,0,0,0,0,0,0,0,0,2,0,0,0,0,0,0,0,0,0,0,0,0,0,1,0,0,0,0,0,0,0,0,0,0,0,2,0,0,0,0,0,0,0,0,0,0,0,0,0,0,0,0,0,0,0,0,0,0,0,1,0,0,0,0,0,0,0,0,0,0,0,0,0,1,0,0,0,0,0,0,0,0,0,0,0,1,0,0,0,0,0,0,0,0,0,0,0,0,0,0,0,0,0,0,0,0,0,0,0)

beeh<- c(0,0,0,0,0,1,0,3,0,0,0,0,0,1,0,0,0,0,0,0,0,0,0,0,1,0,0,1,7,16,5,23,10,13,13,3,0,13,1,1,1,2,4,5,3,1,0,0,0,0,0,1,0,0,0,1,0,0,0,1,12,17,0,1,8,0,1,2,2,12,2,0,0,2,0,0,9,2,15,2,0,0,2,0,0,0,0,0,0,0,25,155,0,0,1,12,8,45,1,19,55,2,0,1,6,8,20,0,1,2,0,0,0,0,1,0,0,0,7,0,0,0,2,0,0,1,0,9,0,0,0,0,0,0,0,1,4,0,0,0,0,2,0,0,8,40,0,0,2,1,5,13,4,1,6,0,1,4,4,0,3,7,0,17,7,0,0,22,58,24,3,0,0,0,0,0,0,1,0,0,0,4,8,0,17,10,104,75,23,0,3,0,0,0,3,1,1,0,0,0,0,0,2,0,5,2,1,0,1,0,0,0,0,0,0,0,0,0,1,0,0,47,2,0,10,0,0,0,0,0,0,2,0,0,0,2,0,0,2,2,4,1,0,0,0,0,0,0,1,0,0,0,0,8,0,0,0,1,0,1,0,0,2,0,0,0,0,0,0,0,1,0,0,0,0,0,2,0,1)

frost<- c(0,18,11,0,2,12,0,0,4,3,5,0,2,8,13,0,0,5,173,0,0,0,0,0,0,0,0,0,2,0,10,0,13,15,259,0,3,12,0,0,4,8,0,5,0,2,14,0,44,116,86,92,36,6,62,30,38,27,3,10,41,27,5,141,23,25,151,13,11,114,0,3,0,8,3,26,10,57,1,0,26,25,270,9,4,123,47,164,112,51,11,0,83,57,7,0,0,0,11,4,1,12,26,5,25,2,0,0,3,27,1,0,16,8,22,4,0,3,0,20,2,0,3,0,29,12,12,0,13,28,65,53,18,6,13,10,0,0,0,0,0,6,6,0,125,13,32,44,11,12,11,20,6,4,0,0,0,0,0,9)

sgen2<- c(0,0,0,0,0,0,0,0,0,0,0,0,2,0,0,0,0,0,0,0,0,0,0,0,0,0,0,0,0,0,0,0,0,0,0,0,0,0,0,0,0,0,1,0,0,0,0,0,0,1,0,0,0,0,0,0,0,0,0,0,0,0,0,0,0,0,0,0,0,0,0,0,0,0,0,0,0,0,0,0,0,0,0,0,1,0,0,0,0,0,0,0,0,0,0,0,0,0,0,0,0,0,0,0,0,2,0,2,0,3,1,0,0,1,0,0,1,0,4,1,0,0,2,5,0,1,1,0,1,6,0,1,1,0,0,0,0,5,0,6,2,0,5,0,0,0,0,0,2,2,0,2,0,2,0,0,1,0,0,2,0,0,0,0,1,0,1,1,0,1,0,0,5,4,1,0,0,0,0,0,0,0,0,0,0,0,1,0,0,0,0,0,0,0,0,0,0,0,0,0,0,0,0,0,0,0,0,0,0,0,0,0,0,0,0,0,0,0,0,0,0,0,0,0,0,0,0,0,0,0,0,0,0,0,0,0,0,0,0,0,0,0,2,0,0,0,1,0,0,0,0,0,0,0,0,0,0,1,0,0,2,1,0,0,0,2,0,0,0,0,0,0,0,0,0,1,0,1,0,0,0,0,0,0,0,0,0,0,0,0,0,0,0,0,1,0,0,0,0,0,4,0,0,0,0,0,0,0,0,0,1,0,1,0,4,0,1,0,0,0,0,0,0,1,0,0,0,2,1,0,1,3,0,0,0,6,0,0,0,0,0,0,0,0,0,0,0,0,0,0,0,0,4,0,0,0,0,0,0,0,0,1,0,0,0,0,0,0,0,0,0,0,0,0,0,0,0,0,0,0,0,0,0,0,0,2,0,0,0,0,0,0,0,1,0,0,0,0,0,0,0,6,0,0,0,0,0,0,0,6,0,0,0,0,0,0,0,2,0,0,0,0,0,0,0,0,0,1,0,0,0,0,0,0,0,0,0,0,0,0,0,0,0,0,0,0,0,0,0,0,0,0,0,0,0,0,0,1,0,0,0,0,0,1,0,0,0,0,0,0,0,0,0,0,0,0,0,0,0,0,0,0,0,0,0,0,0,0,0,8,0,0,0,0,0,0,0,0,0,0,0,0,0,1,0,0,1,0,0,0,0,0,0,0,0,0,0,0,0,0,0,0,0,0,0,0,0,0,0,0,0,0,0,0,0,0,0,0,0,0,0,0,0,0,0,0,3,0,0,0,0,0,0,1,0,0,0,0,0,0,0,0,4,0,0,0,0,0,0,0,0,3,0,0,0,0,0,0,0,0,8,7,0,0,0,0,0,0,9,0,0,0,7,0,0,0,0,0,0,0,0,0,0,2,0,0,0,0,0,0,0,0,0,0,0,0,0,0,0,0,0,0,0,0,0,0,1,0,1,0,1,0,0,0,0,0,0,0,3,0,0,3,0,0,0,0,2,0,0,0,3,0,0,0,1,0,0,0,5,0,0,0,6,0,0,1,0,0,0,0,0,0,0,0,0,0,0,0,0,0,0,0,0,0,0,0,0,0,0,0,0,0,0,0,0,0,0,0,0,0,0,0,0,0,0,0,0,0,0,0,0,0,0,0,0,0,0,0,0,0,0,0,0,0,0,0,0,0,0,0,0,0,0,1,0,2,0,0,0,0,0,0,0,0,0,0,0,0,0,0,0,0,0,0,0,0,0,0,0,0,0,0,0,1,0,0,0,2,0,0,1,0,0,0,0,0,0,0,5,0,0,1,0,0,0,0,0,1,0,0,0,0,1,0,0,0,0,0,0,0,0,0,3,0,0,0,0,0,0,0,0,0,0,2,0,1,0,0,0,0,0,2,0,0,0,0,0,0,0,0,0,0,0,0,0,0,0,1,2,1,1,0,0,0,0,0,0,0,0,0,1,0,0,0,0,0,0,0,0,0,0,1,0,0,0,0,0,0,0,0,0,0,1,6,0,5,0,0,1,0,1,1,0,16,0,1,7,0,0,0,0,0,0,0,0,0,3,0,0,1,0,1,0,0,0,0,1,10,12,0,11,0,0,0,0,0,0,0,2,0,0,1,1,1,0,0,0,0,0,0,0,2,0,0,0,1,0,0,0,0,0,0,12,7,0,0,0,0,0,0,0,0,0,0,0,0,0,0,0,0,0,0,0,0,0,0,3,0,0,0,0,0,0,1,0,0,0,2,0,0,2,0,8,0,0,1,0,0,0,0,1,2,0,0,0,0,0,0,0,0,0,2,0,0,0,0,0,0,0,0,0,2,12,0,1)

crome<- c(0,0,0,0,0,0,0,0,0,0,0,0,2,0,0,0,0,0,0,0,0,0,0,0,0,0,0,0,0,0,0,0,0,0,0,0,0,0,0,0,0,0,1,0,0,0,0,0,0,1,0,0,0,0,0,0,0,0,0,0,0,0,0,0,0,0,0,0,0,0,0,0,0,0,0,0,0,0,0,0,0,0,0,0,1,0,0,0,0,0,0,0,0,0,0,0,0,0,0,0,0,0,0,0,0,2,0,2,0,3,1,0,0,1,0,0,1,0,4,1,0,0,2,5,0,1,1,0,1,6,0,1,1,0,0,0,0,5,0,6,2,0,5,0,0,0,0,0,2,2,0,2,0,2,0,0,1,0,0,2,0,0,0,0,1,0,1,1,0,1,0,0,5,4,1,0,0,0,0,0,0,0,0,0,0,0,1,0,0,0,0,0,0,0,0,0,0,0,0,0,0,0,0,0,0,0,0,0,0,0,0,0,0,0,0,0,0,0,0,0,0,0,0,0,0,0,0,0,0,0,0,0,0,0,0,0,0,0,0,0,0,0,2,0,0,0,1,0,0,0,0,0,0,0,0,0,0,1,0,0,2,1,0,0,0,2,0,0,0,0,0,0,0,0,0,1,0,1,0,0,0,0,0,0,0,0,0,0,0,0,0,0,0,0,1,0,0,0,0,0,4,0,0,0,0,0,0,0,0,0,1,0,1,0,4,0,1,0,0,0,0,0,0,1,0,0,0,2,1,0,1,3,0,0,0,6,0,0,0,0,0,0,0,0,0,0,0,0,0,0,0,0,4,0,0,0,0,0,0,0,0,1,0,0,0,0,0,0,0,0,0,0,0,0,0,0,0,0,0,0,0,0,0,0,0,2,0,0,0,0,0,0,0,1,0,0,0,0,0,0,0,6,0,0,0,0,0,0,0,6,0,0,0,0,0,0,0,2,0,0,0,0,0,0,0,0,0,1,0,0,0,0,0,0,0,0,0,0,0,0,0,0,0,0,0,0,0,0,0,0,0,0,0,0,0,0,0,1,0,0,0,0,0,1,0,0,0,0,0,0,0,0,0,0,0,0,0,0,0,0,0,0,0,0,0,0,0,0,0,8,0,0,0,0,0,0,0,0,0,0,0,0,0,1,0,0,1,0,0,0,0,0,0,0,0,0,0,0,0,0,0,0,0,0,0,0,0,0,0,0,0,0,0,0,0,0,0,0,0,0,0,0,0,0,0,0,3,0,0,0,0,0,0,1,0,0,0,0,0,0,0,0,4,0,0,0,0,0,0,0,0,3,0,0,0,0,0,0,0,0,8,7,0,0,0,0,0,0,9,0,0,0,7,0,0,0,0,0,0,0,0,0,0,2,0,0,0,0,0,0,0,0,0,0,0,0,0,0,0,0,0,0,0,0,0,0,1,0,1,0,1,0,0,0,0,0,0,0,3,0,0,3,0,0,0,0,2,0,0,0,3,0,0,0,1,0,0,0,5,0,0,0,6,0,0,1,0,0,0,0,0,0,0,0,0,0,0,0,0,0,0,0,0,0,0,0,0,0,0,0,0,0,0,0,0,0,0,0,0,0,0,0,0,0,0,0,0,0,0,0,0,0,0,0,0,0,0,0,0,0,0,0,0,0,0,0,0,0,0,0,0,0,0,1,0,2,0,0,0,0,0,0,0,0,0,0,0,0,0,0,0,0,0,0,0,0,0,0,0,0,0,0,0,1,0,0,0,2,0,0,1,0,0,0,0,0,0,0,5,0,0,1,0,0,0,0,0,1,0,0,0,0,1,0,0,0,0,0,0,0,0,0,3,0,0,0,0,0,0,0,0,0,0,2,0,1,0,0,0,0,0,2,0,0,0,0,0,0,0,0,0,0,0,0,0,0,0,1,2,1,1,0,0,0,0,0,0,0,0,0,1,0,0,0,0,0,0,0,0,0,0,1,0,0,0,0,0,0,0,0,0,0,1,6,0,5,0,0,1,0,1,1,0,16,0,1,7,0,0,0,0,0,0,0,0,0,3,0,0,1,0,1,0,0,0,0,1,10,12,0,11,0,0,0,0,0,0,0,2,0,0,1,1,1,0,0,0,0,0,0,0,2,0,0,0,1,0,0,0,0,0,0,12,7,0,0,0,0,0,0,0,0,0,0,0,0,0,0,0,0,0,0,0,0,0,0,3,0,0,0,0,0,0,1,0,0,0,2,0,0,2,0,8,0,0,1,0,0,0,0,1,2,0,0,0,0,0,0,0,0,0,2,0,0,0,0,0,0,0,0,0,2,12,0,1)

trin<- c(0,0,8,1,3,5,1,0,0,0,0,0,7,0,0,0,0,0,0,0,0,0,0,14,1,3,2,0,1,7,0,1,1,2,4,1,0,0,4,0,2,2,0,10,0,0,0,0,0,0,0,0,0,0,1,0,0,6,13,9,12,2,9,1,5,0,0,4,4,0,0,0,0,0,0,0,0,0,0,0,8,0,0,1,0,3,20,0,0,1,0,0,0,0,0,0,0,0,0,0,1,2,2,2,0,0,0,0,0,0,1,1,0,0,3,1,3,0,0,0,0,0,0,0,0,0,0,11,0,0,0,0,0,0,1,0,0,0,0,0,1,0,3,0,0,0,0,0,0,2,0,0,0,0,0,0,3,0,0,4,0,0,0,0,0,0,0,0,0,2,0,0,0,27,9,0,3,0,0,0,0,0,0,1,0,0,0,2,2,0,0,0,0,0,0,0,40,127,74,17,35,153,23,5,17,11,20,80,52,12,0,13,1,33,49,5,0,0,0,0,0,2,4,1,0,1,15,0,0,0,0,0,1,0,0,3,0,0,0,0,0,6,2,5,4,0,1,0,0,0,0,0,0,0,0,0,0,2,3,0,0,0,0,0,0,0,1,2,0,0,0,0,0,0,0,0,0,0,0,0,0,0,7,2,0,18,1,0,0,0,0,0,0,1,0,5,3,5,5,0,4,0,0,0,0,0,0,5,0,2,1,0,0,0,0,0,0,0,0,0,0,0,9,13,0,1,14,0,0,0,0,11,0,13,16,0,4,14,3,0,0,0,1,0,0,1,0,5,4,1,2,1,0,0,0,0,0,0,0,1,3,2,12,8,12,39,11,2,1,1,3,0,29,27,11,34,13,3,0,0,0,10,0,0,0,0,9,0,0,0,0,0,0,0,0,5,0,1,0,0,0,0,0,0,0,0,3,72,31,26,18,17,18,0,0,0,0,5,3,4,0,15,4,0,0,0,2,0,3,0,0,0,0,0,2,48,17,8,11,0,3,0,7,3,5,12,1,8,0,4,2,0,0,3,0,0,3,0,0,1,0,0,0,0,0,0,1,5,1,0,0,0,0,0,0,0,0,0,0,3,3,0,0,0,0,0,5,0,1,0,0,3,5,1,2,1,0,0,0,0,0,1,2,0,0,1,0,0,0,0,0,0,0,0,0,0,2,0,0,0,0,0,0,0,0,0,0,0,0,1,2,1,0,1,0,0,0,2,0,0,0,4,0,0,2,0,0,0,0,0,0,1,4,0,4,0,0,0,0,0,0,0,0,0,0,0,3,4,19,0,0,0,0,0,0,0,0,0,0,2,1,0,0,0,0,0,0,0,0,0,0,0,0,2,2,0,0,0,0,0,0,0,0,0,0,0,0,0,7,0,38,0,0,0,0,0,0,0,0,0,0,14,29,0,0,0,0,0,0,0,0,0,0,0,0,2,3,0,0,0,0,0,0,0,0,0,2,0,1,0,0,0,32,0,0,0,0,6,0,2,10,0,0,0,3,0,29,3,0,6,2,1,0,0,0,0,1,1,1,0,0,0,0,0,0,0,0,2,0,0,0,3,0,0,0,0,0,0,0,0)

innis<- c(0.33,1.40,0.00,0.00,0.00,12.76,5.58,12.50,0.00,0.00,0.00,2.75,5.69,53.69,0.00,0.00,0.00,0.00,0.00,0.00,0.00,0.00,4.13,0.00,0.00,0.00,12.95,0.00,0.00,0.00,1.89,1.80,0.00,0.00,0.00,0.00,6.02,0.53,0.00,0.00,0.00,3.61,1.15,0.43,0.00,0.00,0.00,14.06,13.83,3.09,0.00,0.00,0.00,0.00,0.00,0.87,33.85,0.00,0.00,0.79,0.75,0.58,0.00,2.01,2.07,1.30,0.46,1.74,0.00,0.00,0.00,1.30,2.99,0.00,0.00,0.00,0.00,0.00,0.25,1.13,0.00,0.00,0.00,1.96,0.00,0.72,0.00,0.00,0.00,2.28,2.01,1.30,0.00,0.00,0.00,3.93,0.55,0.29,0.00,0.00,0.00,3.93,0.13,0.77,0.00,2.65,1.24,1.30,0.00,0.00,0.00,0.00,0.00,5.89,51.07,5.27,0.00,0.00,0.00,6.2,0.00,0.00,0.00,0.00,2.48,0.00,0.00,0.34,0.00,23.23,0.00,12.45,0.64,0.23,0.00,1.61,0.00,3.93,0.00,0.00,0.00,0.00,0.00,2.94,0.38,1.88,44.56,0.00,0.00,10.09,0.00,0.00,0.00,35.45,5.79,0.00,0.00,0.00,0.00,4.66,17.36,0.00,0.00,0.00,0.00,0.00,24.38,0.00,0.00,0.00,0.00,8.04,0.41,0.00,0.00,0.00,0.00,0.00,2.07,0.00,0.00,0.00,0.00,0.00,4.13,0.00,0.00,0.00,0.00,0.00,24.79,0.00,0.00,0.00,0.00,0.00,7.02,0.00,0.00,0.00,0.00,6.43,0.00,0.00,0.00,1.63,0.00,9.08,0.00,0.00,0.00,0.00,8.64,0.00,0.00,0.00,4.60,1.30,0.00,0.00,0.00,0.00,0.07,1.43,0.00,0.00,0.00,1.73,0.00,0.00,0.00,3.22,0.00,0.00,0.00,0.14,0.00,2.01,0.00,0.00,0.00,0.00,0.00,0.00,0.00,1.2)

